20	0.050605060506050605	0.32103210321032105	0.6478647864786479	20240206173951	0	1	0.1	0.005	10000	50.0
1000	0.49214921492149216	0.995999599959996	0.997999799979998	20240206174402	0	1	0.1	0.005	10000	50.0
1000	0.23432343234323433	0.49464946494649464	0.49794979497949793	20240206180133	0	1	0.1	0.005	10000	50.0
2000	0.14561456145614562	0.46034603460346035	0.49794979497949793	2.02402E+13 0	1	0.1	0.005	10000	50.0
4000	0.22562256225622562	0.48124812481248125	0.49794979497949793	20240206185009	0	1	0.1	0.005	10000	50.0
2000	0.23532353235323533	0.49334933493349337	0.49794979497949793	20240207161946	0	1	0.1	0.005	10000	50.0
4000	0.45564556455645566	0.495949594959496	0.49794979497949793	20240207163533	0	1	0.1	0.005	10000	50.0
4000	0.5811581158115812	0.995999599959996	0.997999799979998	20240207170137	0	1	0.1	0.005	10000	50.0
3000	0.4221422142214221	0.995999599959996	0.997999799979998	20240207172222	0	1	0.1	0.005	10000	50.0
2000	0.42604260426042606	0.995999599959996	0.997999799979998	20240207172951	0	1	0.1	0.005	10000	50.0
1000	0.3716371637163716	0.9526952695269527	0.997999799979998	20240207173335	0	1	0.1	0.005	10000	50.0
1000	0.41284128412841287	0.9267926792679267	0.997999799979998	20240207173710	0	1	0.1	0.005	10000	50.0
1000	0.32203220322032206	0.9765976597659766	0.997999799979998	20240207174057	0	1	0.1	0.005	10000	50.0
1000	0.4462446244624462	0.9955995599559956	0.997999799979998	20240207174423	0	1	0.1	0.005	10000	50.0